   5
    1     1 Bus 1     HV 3    2.3240   -0.1690   0.0000   0.0000   1.0600   0.0000
    2     2 Bus 2     HV 2    0.1830    0.2970   0.0000   0.0000   1.0450  -0.0869
    3     3 Bus 3     HV 2   -0.9420    0.0440   0.0000   0.0000   1.0100  -0.2220
    4     4 Bus 4     HV 1   -0.4780    0.0390   0.0000   0.0000   1.0190  -0.1803
    5     5 Bus 5     HV 1   -0.0760   -0.0160   0.0000   0.0000   1.0200  -0.1532
-999
   4
    1     2 0   0.019380   0.059170     0  0.0000  0.0000 0.0000
    1     5 0   0.054030   0.223040     0  0.0000  0.0000 0.0000
    2     3 0   0.046990   0.197970     0  0.0000  0.0000 0.0000
    3     4 0   0.067010   0.171030     0  0.0000  0.0000 0.0000
-999
